56 A. Oratio eucharistica «Ioannis 'chrysostom

11111111111111111111111111 11 AAAA 1111111111 111
11111111111111111111111111111 1111111111 11111 AAA
A⁰A=AAAAAA 11 11111111111111111111111111111111-ι 1111

A: 111111 1111111 11111 111111111111111111 111111111111111111111111

11111111111111111111111111111111111 APAAWA 111111 11011111
11111111 11111111 1111111111 11111111 1111 1111111111 AAAAA
1111111111111111111111111111111111111111111111111111111ω

A 1111111111111111111111111111111111111111111111111111111111111,
. 1111 111111111111111111111111111111111111111111111

11111111111111111111111111111111111111111111111
11111 1111111 111111 111111 1111111111 1111111 1111111111- “·
AA=AAA= 1111111111 AAAPAA 1 1111111111 111111111111111
AAA= 111-1111111111 111111111111111111111111 1111111
1111111 1111111 1111111111 1111111111 1111111111 1111111 1111111111 A
1111111116111111111111111111111121111111111 111 1’111111111111
¹ 1111111111111111 11111111 1111111 1 1111111111 AAA· 111
1111111111 11111 1111111 1111111 11111111 1111111 11111111 1111111, .
111111111111111111111111 111111111111111111111111111
111111 1111111111 1111111111 11111111 1111111111 11111111 1111111611
11111111111111111111111111111111111111111111111ω1
11111111 1111111111 1111111111 11111111 111111 111 1111111 Aa·
s ἵ1111111111111111111111111111111111111111111111111
11111 1111111111 11111* 1111111111 11111111 1111111 1111111111 11111111
111111 11 AAAA2111AAA==AAA 11111111 111111 11111111 1111111
1111111111111 111111111111111111111

1111111

-ψν--ι-ῄ--ι--η

 

